2.239999999999999769e-01 2.098080222206042122e-01 2.098080222206037404e-01
2.520000000000000018e-01 1.906182064061882064e-01 1.906182064061879289e-01
2.800000000000000266e-01 1.753907104022709995e-01 1.753907104022706664e-01
3.080000000000000515e-01 1.630500102872756707e-01 1.630500102872754209e-01
3.360000000000000764e-01 1.528793576166367074e-01 1.528793576166364299e-01
3.640000000000001013e-01 1.443828059729206359e-01 1.443828059729204139e-01
3.920000000000001261e-01 1.372063702948582709e-01 1.372063702948580211e-01
4.200000000000001510e-01 1.310907238032580635e-01 1.310907238032578415e-01
4.480000000000001759e-01 1.258416349443711724e-01 1.258416349443709226e-01
4.760000000000002007e-01 1.213108397620586559e-01 1.213108397620584478e-01
5.040000000000002256e-01 1.173832916069148108e-01 1.173832916069145887e-01
5.320000000000002505e-01 1.139684387745525107e-01 1.139684387745522887e-01
5.600000000000002753e-01 1.109941204431309086e-01 1.109941204431306172e-01
5.880000000000003002e-01 1.084022082979223256e-01 1.084022082979221452e-01
6.160000000000003251e-01 1.061454385613131712e-01 1.061454385613129492e-01
6.440000000000003499e-01 1.041850723065199380e-01 1.041850723065197437e-01
6.720000000000003748e-01 1.024891426605695349e-01 1.024891426605693129e-01
7.000000000000003997e-01 1.010311247701203285e-01 1.010311247701201204e-01
7.280000000000004245e-01 9.978891492794980667e-02 9.978891492794958462e-02
7.560000000000004494e-01 9.874403894392516645e-02 9.874403894392494441e-02
7.840000000000004743e-01 9.788103270613340845e-02 9.788103270613318641e-02
8.120000000000004992e-01 9.718695364856720642e-02 9.718695364856699825e-02
8.400000000000005240e-01 9.665099288565033586e-02 9.665099288565012770e-02
8.680000000000005489e-01 9.626416561640868674e-02 9.626416561640846470e-02
8.960000000000005738e-01 9.601906304344927368e-02 9.601906304344905163e-02
9.240000000000005986e-01 9.590965316170821375e-02 9.590965316170797783e-02
9.520000000000006235e-01 9.593112080093352256e-02 9.593112080093328664e-02
9.800000000000006484e-01 9.607973956405793658e-02 9.607973956405771454e-02
1.008000000000000673e+00 9.635277000645561807e-02 9.635277000645539602e-02
1.036000000000000698e+00 9.674837970023146549e-02 9.674837970023124345e-02
1.064000000000000723e+00 9.726558183122306633e-02 9.726558183122283041e-02
1.092000000000000748e+00 9.790418976223247416e-02 9.790418976223223824e-02
1.120000000000000773e+00 9.866478562107107442e-02 9.866478562107083849e-02
1.148000000000000798e+00 9.954870147843458694e-02 9.954870147843433714e-02
1.176000000000000822e+00 1.005580121001380112e-01 1.005580121001377475e-01
1.204000000000000847e+00 1.016955386151269791e-01 1.016955386151267293e-01
1.232000000000000872e+00 1.029648627540465655e-01 1.029648627540463157e-01
1.260000000000000897e+00 1.043703515984434615e-01 1.043703515984431701e-01
1.288000000000000922e+00 1.059171930509440751e-01 1.059171930509437559e-01
1.316000000000000947e+00 1.076114425035116784e-01 1.076114425035113453e-01
1.344000000000000972e+00 1.094600814549122475e-01 1.094600814549119422e-01
1.372000000000000997e+00 1.114710891204949289e-01 1.114710891204946236e-01
1.400000000000001021e+00 1.136535283985240091e-01 1.136535283985236622e-01
1.428000000000001046e+00 1.160176479199399452e-01 1.160176479199396121e-01
1.456000000000001071e+00 1.185750023267717890e-01 1.185750023267714420e-01
1.484000000000001096e+00 1.213385934152991369e-01 1.213385934152987344e-01
1.512000000000001121e+00 1.243230353639003527e-01 1.243230353638999364e-01
1.540000000000001146e+00 1.275447479675667073e-01 1.275447479675662910e-01
1.568000000000001171e+00 1.310221826529384681e-01 1.310221826529380240e-01
1.596000000000001195e+00 1.347760870894646745e-01 1.347760870894642304e-01
1.624000000000001220e+00 1.388298154950441676e-01 1.388298154950436958e-01
1.652000000000001245e+00 1.432096933241079062e-01 1.432096933241073788e-01
1.680000000000001270e+00 1.479454470078958861e-01 1.479454470078953587e-01
1.708000000000001295e+00 1.530707119020940921e-01 1.530707119020934814e-01
1.736000000000001320e+00 1.586236347324378460e-01 1.586236347324372908e-01
1.764000000000001345e+00 1.646475908081211359e-01 1.646475908081204975e-01
1.792000000000001370e+00 1.711920413540335695e-01 1.711920413540328756e-01
1.820000000000001394e+00 1.783135628424717956e-01 1.783135628424710184e-01
1.848000000000001419e+00 1.860770886515670797e-01 1.860770886515662748e-01
1.876000000000001444e+00 1.945574143798003419e-01 1.945574143797994815e-01
1.904000000000001469e+00 2.038410325811212120e-01 2.038410325811203239e-01
1.932000000000001494e+00 2.140283817696555235e-01 2.140283817696544966e-01
1.960000000000001519e+00 2.252366199781924705e-01 2.252366199781914435e-01
1.988000000000001544e+00 2.376030673436709539e-01 2.376030673436698160e-01
2.016000000000001791e+00 2.512895085646285054e-01 2.512895085646271176e-01
2.044000000000001371e+00 2.664876095758851315e-01 2.664876095758836883e-01
2.072000000000001840e+00 2.834257906307663388e-01 2.834257906307647845e-01
2.100000000000001421e+00 3.023780208289046922e-01 3.023780208289029714e-01
2.128000000000001890e+00 3.236751729256145960e-01 3.236751729256127641e-01
2.156000000000001471e+00 3.477198262025281150e-01 3.477198262025260611e-01
2.184000000000001940e+00 3.750057665276031460e-01 3.750057665276007035e-01
2.212000000000001521e+00 4.061439647811518339e-01 4.061439647811491138e-01
2.240000000000001990e+00 4.418976103556230828e-01 4.418976103556199742e-01
2.268000000000001570e+00 4.832299858645107138e-01 4.832299858645069390e-01
2.296000000000002039e+00 5.313708412559403627e-01 5.313708412559362548e-01
2.324000000000001620e+00 5.879098804784279597e-01 5.879098804784231858e-01
2.352000000000002089e+00 6.549307384827225409e-01 6.549307384827169898e-01
2.380000000000001670e+00 7.352066897750149099e-01 7.352066897750080265e-01
2.408000000000002139e+00 8.324926422813798688e-01 8.324926422813716531e-01
2.436000000000001720e+00 9.519711475372373277e-01 9.519711475372272247e-01
2.464000000000002188e+00 1.100951771399373058e+00 1.100951771399360402e+00
2.492000000000001769e+00 1.290000457809129086e+00 1.290000457809113543e+00
2.520000000000002238e+00 1.534824509446494289e+00 1.534824509446474083e+00
2.548000000000001819e+00 1.859537925851872942e+00 1.859537925851845186e+00
2.576000000000002288e+00 2.302559048331980218e+00 2.302559048331942027e+00
2.604000000000001869e+00 2.927767552063138545e+00 2.927767552063084366e+00
2.632000000000002338e+00 3.846685760613808291e+00 3.846685760613727467e+00
2.660000000000001918e+00 5.264744476236172588e+00 5.264744476236044690e+00
2.688000000000002387e+00 7.580583435961957051e+00 7.580583435961746552e+00
2.716000000000001968e+00 1.158662074781565110e+01 1.158662074781528339e+01
2.744000000000002437e+00 1.867871385004873730e+01 1.867871385004809071e+01
2.772000000000002018e+00 2.938584465199394202e+01 2.938584465199316398e+01
2.800000000000002487e+00 3.550009549684793342e+01 3.550009549684800447e+01
2.828000000000002068e+00 2.745122281252840679e+01 2.745122281252917418e+01
2.856000000000002537e+00 1.691066005804204408e+01 1.691066005804261252e+01
2.884000000000002117e+00 1.035178072349074085e+01 1.035178072349106060e+01
2.912000000000002586e+00 6.708370925865392742e+00 6.708370925865570378e+00
2.940000000000002167e+00 4.615062853163486523e+00 4.615062853163591328e+00
2.968000000000002636e+00 3.338904447206239023e+00 3.338904447206304749e+00
2.996000000000002217e+00 2.515902050945888924e+00 2.515902050945932000e+00
3.024000000000002686e+00 1.959098041523108513e+00 1.959098041523138711e+00
3.052000000000002267e+00 1.567093849430701846e+00 1.567093849430722940e+00
3.080000000000002736e+00 1.281843355006225371e+00 1.281843355006240914e+00
3.108000000000002316e+00 1.068466705086207114e+00 1.068466705086218882e+00
3.136000000000002785e+00 9.050990628147107531e-01 9.050990628147197459e-01
3.164000000000002366e+00 7.775227326615310464e-01 7.775227326615381518e-01
3.192000000000002835e+00 6.761941535040663087e-01 6.761941535040721929e-01
3.220000000000002416e+00 5.945274887721783141e-01 5.945274887721830881e-01
3.248000000000002885e+00 5.278664459913224860e-01 5.278664459913262608e-01
3.276000000000002466e+00 4.728478664830937372e-01 4.728478664830968459e-01
3.304000000000002935e+00 4.269961709131689931e-01 4.269961709131717131e-01
3.332000000000002515e+00 3.884581164109511264e-01 3.884581164109535134e-01
3.360000000000002984e+00 3.558252356989113907e-01 3.558252356989133336e-01
3.388000000000002565e+00 3.280124571778044174e-01 3.280124571778061382e-01
3.416000000000003034e+00 3.041735448682088561e-01 3.041735448682102994e-01
3.444000000000002615e+00 2.836411690454310741e-01 2.836411690454322954e-01
3.472000000000003084e+00 2.658837639622660953e-01 2.658837639622672055e-01
3.500000000000002665e+00 2.504740236033843326e-01 2.504740236033852763e-01
3.528000000000003133e+00 2.370655929297702524e-01 2.370655929297711129e-01
3.556000000000002714e+00 2.253756140306870381e-01 2.253756140306878153e-01
3.584000000000003183e+00 2.151715110111561691e-01 2.151715110111568630e-01
3.612000000000002764e+00 2.062608815861513567e-01 2.062608815861519951e-01
3.640000000000003233e+00 1.984836919034189684e-01 1.984836919034195790e-01
3.668000000000002814e+00 1.917061972669143743e-01 1.917061972669148739e-01
3.696000000000003283e+00 1.858161691692999939e-01 1.858161691693004103e-01
3.724000000000002863e+00 1.807191204274868346e-01 1.807191204274872509e-01
3.752000000000003332e+00 1.763352997846662495e-01 1.763352997846666381e-01
3.780000000000002913e+00 1.725972848046256058e-01 1.725972848046259944e-01
3.808000000000003382e+00 1.694480438090945895e-01 1.694480438090949503e-01
3.836000000000002963e+00 1.668393684965581436e-01 1.668393684965584489e-01
3.864000000000003432e+00 1.647306018493860658e-01 1.647306018493863433e-01
3.892000000000003013e+00 1.630876031693097028e-01 1.630876031693100359e-01
3.920000000000003482e+00 1.618819051248871210e-01 1.618819051248873708e-01
3.948000000000003062e+00 1.610900276534894260e-01 1.610900276534896480e-01
3.976000000000003531e+00 1.606929212318151112e-01 1.606929212318153888e-01
4.004000000000003112e+00 1.606755179938914868e-01 1.606755179938917089e-01
4.032000000000003581e+00 1.610263738612061069e-01 1.610263738612063289e-01
4.060000000000003162e+00 1.617373885734824934e-01 1.617373885734827710e-01
4.088000000000003631e+00 1.628035935091288466e-01 1.628035935091290964e-01
4.116000000000003212e+00 1.642229996430165928e-01 1.642229996430168149e-01
4.144000000000003681e+00 1.659965000462620965e-01 1.659965000462623186e-01
4.172000000000003261e+00 1.681278230987626465e-01 1.681278230987628686e-01
4.200000000000003730e+00 1.706235341500947078e-01 1.706235341500949021e-01
4.228000000000003311e+00 1.734930848033486295e-01 1.734930848033488515e-01
4.256000000000003780e+00 1.767489103757757529e-01 1.767489103757759750e-01
4.284000000000004249e+00 1.804065774712285686e-01 1.804065774712287906e-01
4.312000000000003830e+00 1.844849850429502169e-01 1.844849850429504667e-01
4.340000000000003411e+00 1.890066238949185407e-01 1.890066238949188182e-01
4.368000000000003880e+00 1.939979013362616578e-01 1.939979013362618798e-01
4.396000000000004349e+00 1.994895397482759070e-01 1.994895397482761290e-01
4.424000000000003929e+00 2.055170602462439711e-01 2.055170602462442486e-01
4.452000000000003510e+00 2.121213655412848842e-01 2.121213655412852173e-01
4.480000000000003979e+00 2.193494396862462892e-01 2.193494396862466222e-01
4.508000000000004448e+00 2.272551868240553774e-01 2.272551868240556827e-01
4.536000000000004029e+00 2.359004366073459147e-01 2.359004366073462755e-01
4.564000000000003610e+00 2.453561509673522212e-01 2.453561509673525820e-01
4.592000000000004079e+00 2.557038758334473916e-01 2.557038758334477802e-01
4.620000000000004547e+00 2.670374928527467495e-01 2.670374928527472491e-01
4.648000000000004128e+00 2.794653409569805569e-01 2.794653409569811120e-01
4.676000000000003709e+00 2.931127968960214325e-01 2.931127968960220986e-01
4.704000000000004178e+00 3.081254291502902865e-01 3.081254291502909526e-01
4.732000000000004647e+00 3.246728730926276008e-01 3.246728730926283224e-01
4.760000000000004228e+00 3.429536198971582794e-01 3.429536198971590011e-01
4.788000000000003809e+00 3.632009717339934052e-01 3.632009717339942378e-01
4.816000000000004277e+00 3.856904973092457611e-01 3.856904973092467603e-01
4.844000000000004746e+00 4.107494335681153852e-01 4.107494335681164399e-01
4.872000000000004327e+00 4.403280248043819345e-01 4.403280248043830447e-01
4.900000000000003908e+00 4.718001413424695034e-01 4.718001413424707247e-01
4.928000000000004377e+00 5.072715401431682203e-01 5.072715401431697746e-01
4.956000000000004846e+00 5.474353481455216386e-01 5.474353481455234149e-01
4.984000000000004427e+00 5.931433916666212225e-01 5.931433916666232209e-01
5.012000000000004007e+00 6.454517171684245325e-01 6.454517171684268639e-01
5.040000000000004476e+00 7.056820831324863708e-01 7.056820831324891463e-01
5.068000000000004945e+00 7.755061400063630872e-01 7.755061400063661958e-01
5.096000000000004526e+00 8.570623548997382546e-01 8.570623548997419183e-01
5.124000000000004107e+00 9.531210197181808619e-01 9.531210197181850807e-01
5.152000000000004576e+00 1.067321216304270237e+00 1.067321216304275344e+00
5.180000000000005045e+00 1.204517729947696791e+00 1.204517729947703231e+00
5.208000000000004626e+00 1.371299862262734148e+00 1.371299862262741476e+00
5.236000000000004206e+00 1.576785919279629189e+00 1.576785919279639403e+00
5.264000000000004675e+00 1.833872461536226517e+00 1.833872461536239395e+00
5.292000000000005144e+00 2.161257720281418049e+00 2.161257720281434480e+00
5.320000000000004725e+00 2.586830014088735030e+00 2.586830014088756791e+00
5.348000000000004306e+00 3.153558988553507803e+00 3.153558988553538001e+00
5.376000000000004775e+00 3.930179172051524450e+00 3.930179172051565306e+00
5.404000000000005244e+00 5.031491196674708455e+00 5.031491196674769739e+00
5.432000000000004825e+00 6.658917096493904175e+00 6.658917096493994769e+00
5.460000000000004405e+00 9.185493264985392869e+00 9.185493264985538531e+00
5.488000000000004874e+00 1.333886242770499919e+01 1.333886242770524788e+01
5.516000000000005343e+00 2.056875251085739364e+01 2.056875251085783418e+01
5.544000000000004924e+00 3.339254951795453508e+01 3.339254951795530957e+01
5.572000000000004505e+00 5.239194927711872651e+01 5.239194927711960048e+01
5.600000000000004974e+00 6.185975486301813220e+01 6.185975486301789061e+01
5.628000000000005443e+00 4.694244564187738433e+01 4.694244564187638957e+01
5.656000000000005024e+00 2.888432675775420222e+01 2.888432675775347747e+01
5.684000000000004604e+00 1.778125578408772967e+01 1.778125578408732821e+01
5.712000000000005073e+00 1.159089022194912744e+01 1.159089022194889829e+01
5.740000000000005542e+00 8.010011601517987856e+00 8.010011601517851076e+00
5.768000000000005123e+00 5.811910290476232532e+00 5.811910290476144603e+00
5.796000000000004704e+00 4.385257552669826531e+00 4.385257552669766135e+00
5.824000000000005173e+00 3.414341062749389977e+00 3.414341062749349121e+00
5.852000000000005642e+00 2.726996784135252927e+00 2.726996784135223173e+00
5.880000000000005222e+00 2.224175451149105420e+00 2.224175451149083216e+00
5.908000000000004803e+00 1.846090273152655170e+00 1.846090273152638073e+00
5.936000000000005272e+00 1.555110938039035773e+00 1.555110938039022228e+00
5.964000000000005741e+00 1.326677815483910949e+00 1.326677815483900513e+00
5.992000000000005322e+00 1.144249436764354311e+00 1.144249436764345651e+00
6.020000000000004903e+00 9.963748512608551211e-01 9.963748512608481267e-01
6.048000000000005372e+00 8.749340569193527761e-01 8.749340569193468919e-01
6.076000000000005841e+00 7.740455786888424949e-01 7.740455786888377210e-01
6.104000000000005421e+00 6.893683756434511034e-01 6.893683756434471066e-01
6.132000000000005002e+00 6.176440892989736309e-01 6.176440892989701892e-01
6.160000000000005471e+00 5.563898723255328305e-01 5.563898723255297218e-01
6.188000000000005940e+00 5.036879312624055194e-01 5.036879312624027438e-01
6.216000000000005521e+00 4.580385956961952054e-01 4.580385956961928740e-01
6.244000000000005102e+00 4.182559728468601135e-01 4.182559728468580040e-01
6.272000000000005571e+00 3.833926837330066673e-01 3.833926837330049464e-01
6.300000000000006040e+00 3.526847985226627125e-01 3.526847985226611581e-01
6.328000000000005620e+00 3.255110213837209554e-01 3.255110213837194011e-01
6.356000000000005201e+00 3.013620724768269477e-01 3.013620724768257264e-01
6.384000000000005670e+00 2.798174642360218289e-01 2.798174642360206632e-01
6.412000000000006139e+00 2.605277055806570763e-01 2.605277055806559661e-01
6.440000000000005720e+00 2.432005362973576335e-01 2.432005362973566620e-01
6.468000000000005301e+00 2.275901858313975623e-01 2.275901858313966464e-01
6.496000000000005770e+00 2.134889245711836248e-01 2.134889245711827643e-01
6.524000000000006239e+00 2.007203693935920574e-01 2.007203693935913080e-01
6.552000000000005819e+00 1.891341438335726599e-01 1.891341438335719660e-01
6.580000000000005400e+00 1.786015935236579810e-01 1.786015935236573982e-01
6.608000000000005869e+00 1.690123308898454080e-01 1.690123308898448529e-01
6.636000000000006338e+00 1.602714372967631584e-01 1.602714372967626588e-01
6.664000000000005919e+00 1.522971913331808980e-01 1.522971913331804261e-01
6.692000000000005500e+00 1.450192225376976118e-01 1.450192225376971122e-01
6.720000000000005969e+00 1.383770133084868403e-01 1.383770133084864795e-01
6.748000000000006438e+00 1.323186899959482299e-01 1.323186899959478413e-01
6.776000000000006018e+00 1.268000587065320484e-01 1.268000587065317153e-01
6.804000000000005599e+00 1.217838532681964486e-01 1.217838532681961156e-01
6.832000000000006068e+00 1.172391730187781062e-01 1.172391730187778008e-01
6.860000000000006537e+00 1.131410973481740273e-01 1.131410973481737220e-01
6.888000000000006118e+00 1.094704729832948198e-01 1.094704729832945284e-01
6.916000000000005699e+00 1.091328570584281926e-01 1.091328570584279289e-01
6.944000000000006168e+00 1.063304885286584095e-01 1.063304885286581458e-01
6.972000000000006636e+00 1.039348317570272656e-01 1.039348317570270436e-01
7.000000000000006217e+00 1.019516398915189803e-01 1.019516398915187305e-01
7.028000000000005798e+00 1.003946189366445862e-01 1.003946189366443503e-01
7.056000000000006267e+00 9.928689522035424875e-02 9.928689522035402670e-02
7.084000000000006736e+00 9.866310389727368790e-02 9.866310389727346586e-02
7.112000000000006317e+00 9.857234085216443065e-02 9.857234085216422248e-02
7.140000000000005898e+00 9.908234279836745928e-02 9.908234279836726499e-02
7.168000000000006366e+00 1.002854528746615903e-01 1.002854528746613821e-01
7.196000000000006835e+00 1.023072386099208170e-01 1.023072386099206088e-01
7.224000000000006416e+00 1.053191389138321415e-01 1.053191389138319334e-01
7.252000000000005997e+00 1.095573780933905422e-01 1.095573780933902924e-01
7.280000000000006466e+00 1.153518815017213067e-01 1.153518815017210153e-01
7.308000000000006935e+00 1.231716087819214323e-01 1.231716087819211269e-01
7.336000000000006516e+00 1.336976892831387431e-01 1.336976892831383268e-01
7.364000000000006096e+00 1.479452983821174794e-01 1.479452983821170076e-01
7.392000000000006565e+00 1.674743432671543797e-01 1.674743432671536858e-01
7.420000000000007034e+00 1.947690317181056396e-01 1.947690317181046959e-01
7.448000000000006615e+00 2.339539023586787725e-01 2.339539023586774125e-01
7.476000000000006196e+00 2.922134133133437728e-01 2.922134133133417744e-01
7.504000000000006665e+00 3.827478542851538434e-01 3.827478542851506793e-01
7.532000000000007134e+00 5.311349563157773401e-01 5.311349563157715670e-01
7.560000000000006715e+00 7.884567050892391515e-01 7.884567050892288265e-01
7.588000000000006295e+00 1.247856315980110153e+00 1.247856315980092612e+00
7.616000000000006764e+00 1.970318031597625863e+00 1.970318031597602548e+00
7.644000000000007233e+00 2.476117518906963078e+00 2.476117518906968851e+00
7.672000000000006814e+00 2.007889468443460057e+00 2.007889468443492920e+00
7.700000000000006395e+00 1.268225695440130751e+00 1.268225695440156064e+00
7.728000000000006864e+00 7.901679418028751956e-01 7.901679418028898505e-01
7.756000000000007333e+00 5.227190673151232980e-01 5.227190673151316247e-01
7.784000000000006914e+00 3.689261691219329342e-01 3.689261691219379302e-01
7.812000000000006494e+00 2.750911529334568173e-01 2.750911529334599814e-01
7.840000000000006963e+00 2.144408345550861961e-01 2.144408345550883332e-01
7.868000000000007432e+00 1.732477421935423312e-01 1.732477421935438855e-01
7.896000000000007013e+00 1.440875531942549526e-01 1.440875531942560350e-01
7.924000000000006594e+00 1.227214380672384114e-01 1.227214380672392163e-01
7.952000000000007063e+00 1.066078276110376949e-01 1.066078276110383194e-01
7.980000000000007532e+00 9.415615427638150681e-02 9.415615427638197865e-02
8.008000000000006224e+00 8.433337709751498323e-02 8.433337709751537181e-02
8.036000000000006693e+00 7.644662406180391390e-02 7.644662406180423309e-02
8.064000000000007162e+00 7.001798901826268573e-02 7.001798901826293553e-02
8.092000000000007631e+00 6.470967571040624200e-02 6.470967571040643629e-02
8.120000000000006324e+00 6.027773952966209575e-02 6.027773952966227616e-02
8.148000000000006793e+00 5.654264965121166137e-02 5.654264965121179320e-02
8.176000000000007262e+00 5.337005851318517291e-02 5.337005851318528393e-02
8.204000000000007731e+00 5.065794184719255022e-02 5.065794184719265431e-02
8.232000000000006423e+00 4.832781649088433579e-02 4.832781649088440518e-02
8.260000000000006892e+00 4.631862881960285144e-02 4.631862881960291389e-02
8.288000000000007361e+00 4.458242902876962538e-02 4.458242902876968089e-02
8.316000000000007830e+00 4.308126261265599749e-02 4.308126261265604606e-02
8.344000000000008299e+00 4.178490618904438098e-02 4.178490618904442261e-02
8.372000000000006992e+00 4.066919872650119616e-02 4.066919872650123780e-02
